-1	1	2	3	2	3	4	2	14	15	14	15	16	14	2	3	2	3	2	3	5	18									
-1	13	14	15	16	14	14	4	19	16	14																				
-1	8	2	3	2	3	2	3	2	3	2	3	2	3	2	17	6														
-1	1	14	9																											
-1	22	22	22	22	2	21	3	4	2	16	14																			
-1	8	3	7	14	4	16																								
-1	8	14	4	15	16	14																								
-1	8	2	3	2	3	4	2	14	21																					
-1	8	2	3	2	3	2	17	6																						
-1	1	2	4	16	4																									
-1	20	14	15	14	15	21	2	3	2	3	9	2																		
-1	22	14	16	21																										
-1	8	2	3	2	3	2	3	2	3	2	3	2	3	4	2	19	14	15	14	16										
-1	8	9	14	15	14	15	16	14	2	3	2	3	4	2																
-1	20	21	2	3	3	2	2	3	2	3	4	2	2	16	23	18														
-1	13	14	21																											
-1	8	9	14																											
-1	8	14	15	9	15	16	14																							
-1	8	2	3	2	3	2	3	2	3	4	2	21	14																	
-1	10	10	2	3	2	3	2	3	2	3	2	2	3	2	21															
1	10	11	2	12	6																									
-1	1	2	3	4	2	5	18																							
-1	13	14	16																											
-1	8	14	4	15	14	15	14	15	14	15	14	15	16	14	21															
-1	8	2	3	2	3	2	9																							
-1	22	5																												
-1	20	14	15	14	15	14	15	14	15	14	15	14	15	14	15	18														
-1	13	14	15	16	14	5																								
-1	20	14	5																											
-1	20	2	15	21	12	3	2	3	4	2	14	15	14	15	14	15	17													
1	8	11	2	6																										
1	1	2	3	4	2	3	2	3	2	3	2	3	2	12	3	11	2	3	12	6										
-1	1	2	3	4	2	14	16	4	16																					
-1	8	9	2	21	3	4	2																							
-1	20	21	2	3	2	3	2	3	5																					
-1	20	14	15	14	14	21																								
-1	10	10	14	4	15	14	21	2																						
-1	10	5																												
-1	20	14	15	14	16	2	17																							
-1	8	9	14	15	14	15	14	15	14	21	2	3	2	4	14	15	16	14	15	5	14									
-1	20	14	15	15	14	14	15	14	15	14	15	21	14	4	14	15	14	4	16	2	9	3	2	14	9	15	16	14	23	18
-1	13	14	15	16	14																									
1	8	2	3	2	2	3	2	3	2	3	2	3	2	3	3	3	3	3	3	3	3	11	12	6						
-1	1	2	3	2	3	4	2	14	15	24	14	15	14	15	14	15	14	21	14	3	9	15	14	15	14	21				
-1	8	9	14	15	14	15																								
-1	22	22	5																											
-1	22	22	14	23	15	24	14	18																						
-1	13	14	15	14	16	2	3	2	9	14	24	21																		
-1	8	17	4	14	15	14	15	14	21	2																				
-1	10	10	14	9	15	16	14	21	4	2																				
-1	20	21	2	3	3	2	2	3	2	3																				
-1	8	2	3	2	4																									
-1	1	2	3	2	3	4	2																																								
1	20	14	15	14	15	14	15	14	15	14	15	14	15	14	15	15	21	2	3	11	12	2	6																								
-1	1	2	3	2	4																																										
-1	20	14	15	14	15	14	15	21	2	3	2	3	2	3	2	17	6																														
-1	1	2	3	2	3	2	3	4	2	14	16	4	15	14	15	14	15	14	15	14	15	14	16	2	3	2	9	3																			
-1	22	5	19	14	15	14	15	14	15	14	15	14	15	14	15	16	14																														
-1	20	14	15	14	15	14	15	14	15	14	15	14	15	14	15	5	18																														
1	13	14	15	14	15	16	14	2	3	11	9	2	21	12	2	6																															
1	1	2	3	2	3	4	2	3	14	15	14	15	14	15	14	15	14	15	14	15	14	15	15	15	15	15	15	15	15	15	15	3	21	2	3	2	11	12	6								
-1	1	2	3	2	3	2	3	4	2	3	2	3	2	3	2	3	4	17	6																												
-1	1	2	3	2	3	4	2	2	16	3	2	3	2	3	17																																
-1	8	2	3	2	3	2	3	2	3	2	3	2	3	2	3	3	3	3	9																												
-1	22	5																																													
-1	20	14	15	16	14	15	14	15	14	15	5																																				
-1	20	14	15	14	15	14	15	14	15	14	15	14	15	14	15	15	15	15	5																												
-1	20	14	15	14	15	14	15	14	15	14	15	5	19	14	15	23	14	15	14	24	18																										
-1	13	14	15	14	15	14	15	16	14	2	3	2	3	2	3	2	3	2	3	2	3	2	3	3	9	14	16																				
-1	22	22	14	16																																											
1	13	14	15	14	15	14	15	21	2	3	2	3	2	3	2	3	2	3	2	3	2	11	3	3	12	6																					
-1	1	2	3	2	3	2	4																																								
-1	20	21	2	3	2	3	2	3	2	2	3	2	3	2	3	3	3	3	3	3	3	17																									
-1	8	2	3	9	2	3																																									
-1	22	14	15	15	14	16	14																																								
-1	8	2	3	2	2	3	2	3	2	9																																					
-1	22	22	22	22	2	16	3	2	3	2	3	2	3	2	3	2	3	5																													
-1	20	21	2	3	4	2	14	15	14	15	14	15	14	15	14	5																															
-1	20	14	15	15	14	14	15	14	15	23	14	15	24	14	18																																
-1	13	14	15	14	15	16	14	2	3	2	3	2	3	2	3	2	3	2	3	2	3	3	3	3	3	3	4	2	16	3	2	3	2	3	2	3	2	3	2	3	2	3	3	3	4	17	6
-1	1	2	12	3	3	2	3	2	3	4	2	3	2	3	2	3	2																														
-1	20	14	15	16	14																																										
-1	8	9																																													
-1	22	2	16	12	3	2	9																																								
-1	22	2	16	4	16	9	15	21	3	4	2																																				
-1	20	14	9																																												
-1	22	14	15	14	15	14	15	14	5																																						
-1	20	14	15	15	14																																										
-1	22	22	14	15	14	21																																									
-1	10	2	3	4	2																																										
-1	20	23	14	24	18																																										
-1	13	14	15	14	15	14	15	21	2	3	2	3	2	3	2	17	6																														
-1	1	2	3	4	2	2	24	21	21	3	2	3	3	2	3	2	3	2	2	3	9																										
-1	22	14	15	21																																											
-1	10	4	2																																												
-1	1	2	3	2	3	2	3	4	2	14	15	14	15	14	15	14	15	14	15	14	15	14	15	5	18								
-1	13	14	15	14	15	16	14	14	9	15	14	21	2	4																			
-1	8	2	9	16	3	2	3	2	3	2	4	16	2	3	2	3	2	4	16	2	4												
-1	20	14	15	14	15	16	14	2	3	3	2	9	2																				
-1	22	22	22	14	16	15	14	15	14	15	14	15	14	15	14	21																	
-1	10	2	3	5	18																												
-1	13	14	15	14	15	14	16	2	3	2	3	2	3	2	3	2	3	2	3	2	3	2	3	3	3	3	4	18					
-1	1	2	3	4	2	9																											
-1	22	14	15	14	15	15	14	14	15	14	15	21																					
-1	10	2	3	4	2																												
-1	20	21																															
-1	10	2	3	5																													
-1	20	14	15	14	15	17																											
-1	8	2	3	2	3	2	12	3	2	3	9	14	16	15	14	15	14	5	18														
-1	13	14	15	14	16	14	2	3	2	3	2	3	2	3	2	3	2	3	17														
1	8	2	11	6																													
-1	1	2	4	16	4	16	9																										
-1	20	14	15	14	15	5	18																										
-1	13	14	15	14	15	16	14																										
-1	8	2	3	2	2	2	3	2	3	2	3	2	3	3	3	3	3	3	3	3	9												
-1	20	14	15	16	14																												
-1	8	9	14	15	16	14	2	3	2	3	2	3	17	6																			
-1	1	2																															
-1	13	14	15	16	14																												
-1	8	9	14	15	14	24	15																										
-1	22	22	14	15	14	15	14	15	14	5	18																						
-1	13	14	15	21	14																												
-1	8	2	3	2	3	2	3	2	3	2	3	2	3	2	3	3	3	3	3	3	3	17	6										
-1	1	2	3	4	2	14	15																										
-1	22	14	15	14	15	14	15	14	15	14	15	14	21																				
-1	10	2	3	2	3	4	2	24	14	21	4	16	17																				
-1	8	2	3	2	3	2	3	2	3	2	3	2	15	9	14	15	16	14															
-1	8	2	3	17	6																												
-1	1	2	3	2	3	4	2	3	2	3	2	9	14	15	14	15	14																
-1	22	22	14																														
-1	22	5																															
-1	22	14	15	5	18																												
1	13	2	21	3	2	3	2	3	2	3	2	3	2	3	2	3	3	3	3	3	3	3	11	3	6								
-1	1	2	3	2	3	4	14	15	14	15	14	21																					
-1	8	9	21	2	3	12	2	4																									
-1	1	9	14	15	14	14	15	14	15	14																							
-1	22	22	22	14	15	16	14	5																									
-1	20	14	15	14	15	14	15	21	14	14	4	16	4	5																			
-1	20	21	2																														
-1	10	2	3	4	2																												
-1	20	14	15	15	14	15	14	15	14	15	14	15	14	15	14	15	15	15	15	15	15	15	5	18									
-1	13	14	15	14	15	14	15	16	5																								
-1	20	14	15	15	14	14	15	14	15	14	15	14	15	14	15	15	15	15	15	15	15	15	15	15	15	15	15	15	15	15	15	15	5
-1	20	14	15	14	15	14	15	14	23	18																							
-1	1	2	3	2	9																														
-1	22	22	22	14	15	14	5																												
-1	20	21																																	
-1	10	2	3	4	2	2																													
-1	20	14	24	15	14	21																													
-1	10	2	3	12	2	3	2	17	14																										
-1	1	2	3	2	3	2	3	17	2																										
1	8	2	11	6																															
-1	1	2	3	2	3	2	3	2	9																										
-1	22	14	24	23	15	16	14	18																											
-1	13	14	15	16	14																														
-1	8	2	3	2	2	3	2	3	2	3	4	2																							
1	10	17	7	2	9	21	11	3	2	3	2	6																							
-1	1	2	9																																
-1	22	14	15	17																															
-1	8	2	17																																
-1	8	2	12	3	2	17	7	2	3	2																									
-1	20	21	2	3	2	3	2	3	2	3	2	3	2	9	3																				
-1	22	16	14																																
-1	8	17																																	
-1	10	2	3	17																															
1	8	2	3	11	2	3	2	6																											
-1	1	2	3	2	3	2	3	2	12	9	15	14	15	14	5																				
1	20	14	15	14	15	14	15	17	7	2	3	9	2	16	2	3	2	3	2	3	2	3	2	3	2	3	2	3	3	3	12	3	11	4	6
-1	1	2	3	9	2	14	15																												
-1	22	22	14	15	14	15	14	15	14	15	14	5																							
-1	22	14	15	14	15	17																													
1	8	2	3	2	3	2	3	2	3	11	12	2	6	21																					
-1	10	2	9																																
-1	13	14	15	16	14	2	3	12	2	3	2	3	2	3	2	9																			
-1	22	22	17																																
1	8	11	2	6																															
-1	1	2	3	2	9																														
-1	20	21																																	
-1	10	10	2	3	2	3	2	3	2	3	2	17																							
1	8	11	2	6																															
-1	1	2	3	2	3	9																													
-1	22	16	2																																
-1	13	14	16																																
-1	8	2	3	2	3	2	3	2	3	2	3	2	3	2	3	3	5																		
1	20	21	2	3	2	3	2	11	3	12	2	6																							
-1	1	2	3	2	9																														
-1	22	22	17																																
-1	10	10	2	3	2	3	2	9	14	15	14	15	14	15																					
-1	22	14	21																																
-1	10	2	3	2	9																														
-1	22	22	14	15	14	15	21																												
-1	10	14	3	9	21																														
-1	10	2	3	2	9	3	2																												
-1	22	14	15	14	15	14	15	14	15	14	15	14	15	17																					
-1	8	2	3	17																															
1	8	11	12	2	6																														
-1	1	14	9	15	14	5	19	14	15	14	15	14	15	14	15	14	15	14	15	14	21														
1	10	2	3	4	2	3	9	16	2	11	3	4	2	6																					
-1	1	14	9	21																															
1	10	2	12	4	11	21	6																												
-1	1	14	9	15	14	15	14	15	14	15	21	2	3	5	19	14	15	14	15	21	2	4													
-1	1	14	15	9	16	21																											
-1	22	22	14	15	14	15	14	15	14	15	5	18																					
-1	13	14	15	14	15	21	2																										
-1	10	17	7	2	3	2	2	3	2	3	2	3	2	3	17																		
1	8	2	11	6																													
-1	1	2																															
-1	10	10	2	3	4	2																											
-1	20	21																															
1	10	10	2	3	2	3	11	12	2	6																							
-1	1	14	9	15																													
1	22	22	14	15	14	15	14	15	14	15	14	15	14	15	11	14	21	12	2	6													
-1	1	2	3	2	3	9																											
-1	22	14	21																														
1	10	2	11	12	6																												
-1	1	2	3	2	3	2	9	14	15	14	15	14	15	14	15	14	15	14	15	14	15	15	15	15	5								
-1	20	14	15	14	15	14	15	14	21																								
-1	10	4	2																														
-1	20	14	15	15	14	14	16	2	3	4	2																						
1	20	21	2	3	2	3	2	3	2	3	2	3	11	2	6																		
1	1	2	12	3	2	3	2	3	2	11	12	6																					
-1	1	2	9																														
-1	22	14	15	14	15	16	14	2	19	23	14	24	18																				
-1	13	14	21																														
-1	10	2	3	4	2	17																											
-1	8	5	2	3	4	2	14	16	4	15	14	15	14	15	21	14																	
-1	13	14	15	17																													
1	8	2	11	6																													
-1	1	2	3	2	12	3	2	4	16	2	4																						
-1	20	21	2	3	2	3	2	3	9																								
-1	22	14	15	14	21																												
-1	10	2	3	2	3	2	9	2	21	12																							
-1	22	14	15	14	15	14	15	14	24	15	14	15	14	15	5	19	14	15	14	21													
-1	10	2	12	3	2	9																											
-1	22	22	17																														
1	8	11	2	6																													
-1	1	2	3	2	9	14	15	14	15																								
-1	22	14	15	14	15	14	15	21	14																								
-1	10	10	2	3	4	2	14	15	14	15	14	15	14	15	14	15	14	15	14														
-1	20	14	15	14	15	14	15	14	15	14	15	14	15	5	21																		
-1	10	10	2	3	2	3	2	3	2	3	9																						
-1	22	2	16	3	2	3	2	3	4	2	14	16																					
1	8	2	12	3	2	3	2	3	2	3	2	3	17	7	2	3	2	3	11	2	3	2	6										
-1	1	2	3	2	3	2	3	9	14	15	14	15	21	14	2	3	2	3	2	3	2	3	2	17									
-1	8	2	3	2	3	2	17																										
-1	8	9	14	15	16	14																											
1	8	2	3	11	2	12	6																										
-1	1	14	9	15	14	15	14	15	14	21																							
-1	10	2	3	2	17																												
-1	8	14	9																														
1	22	14	15	14	15	14	15	14	17	7	2	11	3	12	2	6																	
-1	1	2	3	2	3	4	2	14	15	14	5	19	14	15	14	14	15	14	14	15	14	15	14	15	15	15	21	2	3	3	2	12	9
1	22	21	2	7	2	3	11	2	3	2	6																						
-1	1	2	9																															
-1	22	22	14	15	5	14	18																											
-1	13	14	15	14	15	16	14																											
1	8	2	3	2	3	2	3	2	3	11	2	3	12	2	6																			
-1	1	2	3	4	2																													
-1	20	14	15	5	18																													
-1	13	2	16	3	2	2	3	2	3	2	3	2	3	2	3	3	3	9	15	2	16	3	2	3	4	2	3	2	4	17				
-1	8	9	14	15	14	15	14	15	14	16	2	3	2	3	2	3	2	3	2	3	2	3	2	3	3									
-1	8	2	3	2	3	2	3	2	3	2	9																							
-1	22	22	5																															
-1	20	14																																
-1	10	2	3	2	3	2	3	2	3	2	3	2	3	2	3	3	12	3	9	16	2	3	11	2	12	6								
1	1	2	3	2	3	2	11	12	6																									
-1	1	2	3	4	2	5	18																											
-1	13	14	21																															
-1	10	2	3	2	3	2	3	2	3	2	3	2	9	23	14	18																		
-1	13	14	15	14	15	16	14	2																										
1	8	2	3	2	11	3	12	2	6																									
-1	1	2	12	3	4	2																												
-1	20	14	15	16	14																													
-1	8	2	17																															
-1	8	2	3	9	2																													
1	22	22	14	15	14	15	14	15	16	14	2	3	11	12	2	6																		
-1	1	2	3	2	3	4	2	14	21																									
1	10	2	3	12	2	11	3	2	6																									
-1	1	14	9	15	14	15	14	15	14	15	14	15	14	15	14	15	15	15	21															
-1	13	2	16	3	4	2	14	15	14	15	14	15	14	15	16	14	4	14	15	14	15	17	7	2	3	2	3	2	3	2	3	2	17	
-1	8	2	3	2	2	3	2	9																										
-1	20	14																																
-1	22	22	17																															
-1	22	17																																
-1	8	2	5																															
-1	20	14	15	16	14	4	14	15	21	14																								
-1	10	2	9																															
-1	22	14	24	15	14	15	14	15	14	15	14	15	14	5	15																			
-1	20	14																																
1	10	2	3	2	12	11	6																											
-1	1	14	9	15	14	15	14	15	14	15	14	15	14	15	14	15	23	15	15	18														
-1	13	14	15	14	15	14	21																											
-1	10	2	3	17																														
-1	8	2	17																															
-1	8	2	3	17																														
-1	10	2	5																															
1	10	11	2	6																														
-1	1	2	3	2	12	9																												
-1	20	14	21																															
1	10	11	2	12	6																													
-1	1	2	3	2	23	16	9	14	18																									
-1	13	14	15	14	15	16	14	2																										
-1	10	2	3	4	2	14	15	14	15	14	15	5																						
-1	20	14	23	24	18																													
-1	13	14	15	14	21	2	3	2																										
-1	10	2	3	2	3	2	3	17																										
1	8	2	11	3	2	4	6																											
-1	1	2	3	9	2																													
-1	22	14	15	14	15	14	15	14	15	14	15	14	15	14	15	21	4	14	15	14	15	14	15	14	15	14	15	14	15	14	15	16	2	4
1	1	2	3	4	2	14	15	14	15	14	15	14	15	14	15	14	21	2	12	11	6																											
-1	1	2	3	4	2	14	15	17																																								
-1	8	2	3	2	3	9	2	16	3	2	3	2	12	9																																		
-1	22	22	22	5	19	14	15	17	14																																							
-1	8	2	3	2	3	2	3	2	9	14	15	14	15	14	15	14	15	16	14	2	12	9																										
-1	22	14	15	14	15	5																																										
-1	20	14	15	14	15	14	14	15	14	15	5	18																																				
-1	13	14	15	14	15	14	15	14	15	5																																						
-1	20	21	2	3	2	12	3	2	3	2	3	2	3	2	3	2	3	3	3	3	17	6																										
-1	1	2	3	17																																												
1	8	2	3	12	2	11	6																																									
-1	1	2	9																																													
-1	22	14	15	15	14	14	15	14	15	5																																						
-1	22	22	22	14	21																																											
-1	8	2	3	4	2																																											
-1	20	14	15	14	21																																											
-1	10	5																																														
-1	22	5																																														
-1	20	14	15	23	14	15	24	14	18																																							
-1	13	2	21	3	17																																											
-1	8	17																																														
1	10	10	10	2	3	2	3	2	3	2	3	2	3	2	3	11	2	3	6																													
-1	1	2	3	4	2																																											
-1	20	21	2	12	3	2	3	2	3	2	3	9	14	15	14	15	14	15	21	14																												
-1	10	2	12	4																																												
-1	1	2	3	2	3	2	17																																									
1	8	2	11	6																																												
-1	13	2	21	3	2	4	9																																									
-1	20	2	21	3	2	3	2	3	2	3	2	3	2	3	2	3	3	3	3	3	3	3	9	14	16	4	15	14	15	14	15	14	15	21	2	3	2	3	2	3	2	3	12	2	9	2	16	4
-1	20	14	15	21	14																																											
-1	10	10	10	17	7	2	3	2	3	2	3	2	4	21																																		
-1	10	2	3	2	3	2	3	2	3	3	2	2	3	2																																		
-1	10	2																																														
1	10	12	11	2	6																																											
-1	1	2	3	2	3	2	3	2	3	2	3	2	3	2	17																																	
-1	8	2	3	9	2																																											
-1	22	22	14	15	14	15	14	15	14	15	24	14	15	14	15	14	15	15	15	15	15	15	15	21																								
-1	10	2	3	5																																												
-1	22	22	23	14	24	18																																										
1	13	2	21	12	3	11	2	6																																								
1	1	2	3	12	2	3	2	12	3	2	3	2	3	2	11	3	2	6																														
-1	1	9	2																																													
-1	22	14	15	5																																												
-1	22	22	23	14	15	18																																										
-1	13	14	15	14	15	14	15	14	15	24	14	15	14	15	21																																	
-1	10	10	14	4	15	14	24	15	14	15	14	15	14	15	15	14	14	15	15	3	21	2	5																									
-1	22	14	15	14	15	15	15	14	15	14	14	15	14	15	14	15	15	15	15	23	15	24	18																									
-1	13	14	15	14	15	14	15	5																																								
-1	20	2	15	21	3	2	3	2	3	2	9																																					
-1	13	14	15	14	15	16	14	2	3	2	3	2	3	9	2																									
-1	20	14	15	16	14	4	14	16																																
1	8	2	3	2	2	3	2	3	2	3	2	3	2	3	11	3	12	6																						
-1	1	2	21																																					
-1	10	2	9																																					
-1	22	2	16	4	16	9	4																																	
-1	20	14	15	14	15	14	15	14	15	14	15	5	18																											
-1	13	14	15	14	15	16	14	2	3	2	3	2	3	2	3	17	6																							
-1	1	2	3	4	2	14	16																																	
-1	8	2	3	2	3	2	3	2	3	2	3	2	3	2	3	12	4	5																						
-1	20	14	15	21	14	14	4	16	23	9	18																													
-1	13	14	15	14	15	16	14	2	3	2	9	14	14	15	14	15	14																							
-1	22	22	14	15	14	14	15	14	15	14	15	14	15	14	15	21	4	14	15	24	14	21	2	3	2	4	14	16												
1	8	2	9	21	11	12	6																																	
-1	1	2	4																																					
-1	20	14	15	14	15	14	15	14	15	14	15	14	15	14	15	15	21	2																						
-1	22	14	15	5																																				
1	20	14	4	2	16	4	16	4	16	4	16	3	2	3	2	3	2	12	9	2	16	3	2	3	2	3	2	3	2	11	3	2	12	6						
-1	1	2	3	2	3	4	2	16	2	3	12	2	3	5																										
1	20	14	15	14	15	14	15	16	14	2	3	2	3	2	3	2	3	2	3	2	3	4	2	14	21	11														
-1	8	2	6																																					
-1	1	2	3	2	3	2	3	2	3	4	2	14	5																											
-1	20	14	15	15	14	15	14	14	15	5																														
-1	20	14	15	14	15	15	14	14	15	15	14	23	15	14	14	18																								
-1	1	2	3	2	3	4	2																																	
-1	20	2	21	3	2	3	2	3	2	3	2	3	2	2	3	9	14	15	16	14	2																			
-1	10	2	3	2	3	2	3	2	3	2	3	2	21																											
-1	10	2	3	12	2	3	9	14	15	14	16	2	3	2	3	2	9																							
-1	22	17																																						
-1	10	10	5																																					
-1	20	14	3	21	9	15	15	9																																
-1	22	21	2	12	3	2	3	2	3	2	3	2	3	2	3	2	4	14	15	14	15	16	14																	
-1	8	2	3	2	3	4	2																																	
-1	20	21	2	3	3	2	2	9	14	16	6																													
1	1	2	3	9	2	14	15	24	14	21	2	3	2	3	2	3	2	3	4	2	14	15	14	15	14	15	14	21	2	12	9	3	21	3	2	11	3	12	2	6
-1	1	2	3	4	2	2	16	3	2	3	12	2	9	2	24	21	17																							
1	8	2	3	2	2	3	2	3	2	3	2	3	2	3	3	11	2	3	6																					
-1	1	2	3	2	3	2	3	2	12	4	2	21	3	2	3	2	3	2	9	14																				
1	10	11	2	12	6																																			
-1	1	2	3	2	4	14	24	15	14	15	5	14																												
-1	20	14	23	18																																				
-1	13	14	24	15	14	14	15	14	15	14	5																													
-1	20	14	15	14	15	14	15	14	15	14	15	14	15	15	14	15	15	15	23	18																				
-1	13	14	15	14	15	14	15	14	15	14	15	14	15	14	15	17	6																							
-1	1	2	3	2	3	2	3	2	3	12	2	9																												
1	22	22	11	2	21	12																																		
-1	1	14	3	9	15	14	15	14	15	14	15	14	15	14	15	14	15	15	15	16	5																			
-1	20	14																																						
-1	20	14	15	14	15	14	15	14	15	21	2	4																												
-1	20	14	15	14	15	14	15	14	15	5	18																													
-1	13	14	15	15	14	14	15	16	14	2	3	2	3	2	3	2	3	3	2	2	21																			
1	10	10	2	3	11	2	3	2	6																															
-1	1	2	3	2	3	2	3	2	3	4	2	14	15	14	15	14	15	14	15	14	15	14	15	14	16	9														
-1	22	14	21																																					
-1	10	10	2	4	16	4	16	3	2	17																														
-1	8	2	3	2	3	2	3	12	2	3	2	9																												
-1	22	22	14	15	16	14																																		
-1	8	2	3	2	3	2	3	2	3	9	14	16																												
-1	8	2	3	2	3	2	3	2	3	2	3	5																												
-1	20	14	15	21																																				
1	10	2	11	12	6																																			
-1	1	2	3	3	2	2	3	2	4	9																														
-1	13	2	21	3	5	18																																		
-1	13	14	15	14	15	16	14	2	3	2	3	2	3	2	3	2	3	2	3	2	3	3	5	2	3	2	3	2	3	2	3	3	2	3	2	3	2	3	17	6
-1	1	2	3	2	3	2	3	2	3	2	3	2	3	4	14	15	17	6																						
-1	1	2	3	2	3	4	2	14	15	14	15	14	15	14	15	14	15	14	15	21	14																			
-1	10	2	3	2	3	4	2																																	
-1	13	14	15	14	15	21	2	3	2	3	2	3	2	3	2	3	2	3	2	3	3	3																		
-1	22	14	15	16	14																																			
-1	20	17																																						
-1	10	2	3	2	3	2	3	2	3	2	3	5	3																											
-1	20	14	24	15	17																																			
-1	8	2	3	3	2	3	2	3	2	3	4	2	3	9	2																									
-1	22	14	15	16	14																																			
-1	8	2	3	2	3	2	3	2	3	2	3	2	3	2	12																									
-1	1	2	3	2	3	5																																		
-1	20	14	15	14	15																																			
-1	10	10	2	9																																				
-1	22	22	14	15	23	14	14	24	18																															
-1	13	14	15	14	15	16	14																																	
-1	8	2	3	2	3	2	3	2	3	2	3	2	3	2	3	3	17	6																						
-1	1	2	3	2	3	2	3	2	3	2	3	2	4	9																										
-1	20	14	15	5	18																																			
-1	13	14	15	14	15	16	14																																	
-1	8	2	3	2	9																																			
-1	22	22	22	22	5	6																																		
-1	1	2	3	2	3	4	2	17																																
-1	8	14	9	16																																				
-1	22	14	15	15	14	14	15	14	15	14	15	14	15	14	15	15	21																							
-1	10	10	5	18																																				
1	13	14	15	14	15	14	15	14	24	21	2	3	2	3	2	3	2	3	2	3	2	3	2	3	3	3	3	3	12	11	4	6								
-1	1	2	3	2	3	2	4																																	
1	13	14	15	14	15	14	15	14	21	2	3	2	2	3	2	3	2	3	2	3	2	3	3	3	3	11	3	12	6		
-1	1	2	3	2	9																										
-1	22	22	14	15	14	15	14	15	14	15	14	15	14	15	14	21															
-1	10	10	2	3	2	3	2	3	2	3	2	3	2	3	2	9	14	15	14	14	15	14	21								
1	10	2	3	2	3	2	3	2	3	2	3	2	3	2	3	3	3	11	12	6											
-1	1	2	9																												
-1	20	14	15	14	15	14	15	14	21	2	3	2	3	2	3	2	3	4	2	14	16	5									
-1	20	14	15	14	3	21	14	2	3	2	3	2	9	23	14	24	18														
-1	13	14	21																												
-1	10	2	3	2	3	2	3	2	3	2	3	9	2	16	3	3	2	2	3	2	3	9	2								
-1	22	14	15	14	15	21	14	2	3	2	21																				
-1	10	10	2	3	2	3	2	3	2																						
-1	8	2	3	2	3	2	3	2	3	2	3	2	3	2																	
-1	10	10	2	3	2	3	2	3	2	3	2	3	2	3	2	3	3	3	17	6											
-1	1	2	3	2	3	2	3	2	2	3	2	4	3	2	17	3															
-1	8	2	3	9	2																										
1	22	22	14	15	14	15	14	15	11	21	16	14	2	21	6																
-1	1	2	3	2	3	2	3	9																							
-1	22	14	15	14	15	14	15	21	14	2	3	2	3	3	4	2															
-1	1	2	3	4	2	14	15	14	15	14	15	14	17																		
-1	8	2	3	2	3	2	3	2	3	2	3	2	3	2	3	3	3	3	9	16	14										
-1	8	2	3	4	2	3	9																								
1	22	2	21	3	2	11	3	6																							
1	1	2	3	12	2	3	2	3	2	2	12	3	11	2	3	2	6														
-1	1	9	14	15	14	15	14	15	14	15	14	15	14	15	5																
-1	20	14	15	14	15	14	15	14	15	14	15	14	15	14	15	15	21	14	4	15	15	14	24	14	15	21	14	2	12	11	6
-1	1	2	3	2	3	12	2	4	14	21																					
1	8	2	3	2	3	2	3	11	2	6																					
-1	1	2	3	2	3	2	3	2	3	12	2	3	5	19	14	15	14	15	14	21											
-1	8	14	4																												
-1	22	22	22	22	5	19	14	15	14	15	14	15	14	15	14	15	14	15	14	15	15	15	15	15	17						
-1	8	2	3	2	3	2	3	2	3	2	3	2	3	2	3	3	17														
-1	8	14	9	15	14	21	2	4	9																						
-1	22	14	15	14	15	14	15	24	14	16																					
-1	8	2	3	5																											
-1	20	14	15	14	15	14	14	15	17	7	2	3	12	2	9	14	15	14	15	14	15	14	3	21	2	3	2				
-1	10	17	7	2	3	2	3	17																							
-1	10	2	3	2	3	2	3																								
1	10	14	3	9	15	14	15	14	15	21	2	11	3	2	6																
-1	1	2	3	2	2	3	2	3	2	3	2	3	2																		
